%YAML:1.0
---
K: !!opencv-matrix
   rows: 3
   cols: 3
   dt: d
   data: [ 1.2682913988129928e+03, 0., 2.6966436423231238e+02, 0.,
       1.2634518148081472e+03, 4.5403059547015994e+02, 0., 0., 1. ]
D: !!opencv-matrix
   rows: 1
   cols: 5
   dt: d
   data: [ -2.6437348688125373e-01, -3.8505652573901866e-01,
       -5.1370351897157634e-04, 2.7463725965450221e-04,
       5.4981989939307780e+00 ]
board_width: 9
board_height: 6
square_size: 3.5999998450279236e-02
Pts10: !!opencv-matrix
   rows: 54
   cols: 2
   dt: d
   data: [ 4.3747283935546875e+02, 5.3014611816406250e+02,
       4.2514578247070312e+02, 5.3141583251953125e+02,
       4.1186837768554688e+02, 5.3308142089843750e+02,
       3.9806036376953125e+02, 5.3463287353515625e+02,
       3.8376141357421875e+02, 5.3580218505859375e+02,
       3.6894418334960938e+02, 5.3743780517578125e+02,
       3.5305960083007812e+02, 5.3926147460937500e+02,
       3.3586465454101562e+02, 5.4131024169921875e+02,
       3.1835397338867188e+02, 5.4326666259765625e+02,
       4.3753628540039062e+02, 4.9749417114257812e+02,
       4.2528515625000000e+02, 4.9803973388671875e+02,
       4.1205484008789062e+02, 4.9888769531250000e+02,
       3.9856222534179688e+02, 4.9937677001953125e+02,
       3.8409735107421875e+02, 4.9971185302734375e+02,
       3.6937106323242188e+02, 5.0087762451171875e+02,
       3.5324331665039062e+02, 5.0147183227539062e+02,
       3.3636907958984375e+02, 5.0203720092773438e+02,
       3.1861947631835938e+02, 5.0317324829101562e+02,
       4.3762136840820312e+02, 4.6501004028320312e+02,
       4.2540643310546875e+02, 4.6482546997070312e+02,
       4.1265939331054688e+02, 4.6451788330078125e+02,
       3.9903628540039062e+02, 4.6417361450195312e+02,
       3.8420697021484375e+02, 4.6368643188476562e+02,
       3.6937670898437500e+02, 4.6362390136718750e+02,
       3.5334338378906250e+02, 4.6346682739257812e+02,
       3.3649249267578125e+02, 4.6328329467773438e+02,
       3.1886691284179688e+02, 4.6311514282226562e+02,
       4.3774029541015625e+02, 4.3179037475585938e+02,
       4.2552862548828125e+02, 4.3126666259765625e+02,
       4.1257379150390625e+02, 4.2971960449218750e+02,
       3.9918197631835938e+02, 4.2926000976562500e+02,
       3.8447930908203125e+02, 4.2760690307617188e+02,
       3.6959735107421875e+02, 4.2681539916992188e+02,
       3.5345275878906250e+02, 4.2539843750000000e+02,
       3.3659591674804688e+02, 4.2363830566406250e+02,
       3.1924316406250000e+02, 4.2286679077148438e+02,
       4.3787091064453125e+02, 3.9935855102539062e+02,
       4.2560028076171875e+02, 3.9759072875976562e+02,
       4.1266656494140625e+02, 3.9548373413085938e+02,
       3.9931484985351562e+02, 3.9376287841796875e+02,
       3.8467980957031250e+02, 3.9149710083007812e+02,
       3.6958657836914062e+02, 3.8960406494140625e+02,
       3.5358908081054688e+02, 3.8737667846679688e+02,
       3.3721310424804688e+02, 3.8530154418945312e+02,
       3.1940359497070312e+02, 3.8294244384765625e+02,
       4.3786016845703125e+02, 3.6707424926757812e+02,
       4.2565298461914062e+02, 3.6454455566406250e+02,
       4.1298995971679688e+02, 3.6163027954101562e+02,
       3.9935629272460938e+02, 3.5917358398437500e+02,
       3.8519537353515625e+02, 3.5603317260742188e+02,
       3.6971060180664062e+02, 3.5312017822265625e+02,
       3.5387875366210938e+02, 3.4960729980468750e+02,
       3.3738299560546875e+02, 3.4659054565429688e+02,
       3.1941662597656250e+02, 3.4288018798828125e+02 ]
Pts11: !!opencv-matrix
   rows: 54
   cols: 2
   dt: d
   data: [ 5.2550396728515625e+02, 5.7349206542968750e+02,
       4.9155386352539062e+02, 5.7684832763671875e+02,
       4.5750765991210938e+02, 5.7955010986328125e+02,
       4.2322454833984375e+02, 5.8284606933593750e+02,
       3.8834957885742188e+02, 5.8551208496093750e+02,
       3.5358001708984375e+02, 5.8875061035156250e+02,
       3.1851062011718750e+02, 5.9141302490234375e+02,
       2.8357736206054688e+02, 5.9440332031250000e+02,
       2.4867898559570312e+02, 5.9721307373046875e+02,
       5.2515869140625000e+02, 5.4070910644531250e+02,
       4.9089877319335938e+02, 5.4347607421875000e+02,
       4.5639315795898438e+02, 5.4671630859375000e+02,
       4.2158099365234375e+02, 5.4947216796875000e+02,
       3.8700192260742188e+02, 5.5248724365234375e+02,
       3.5163876342773438e+02, 5.5531109619140625e+02,
       3.1624017333984375e+02, 5.5819384765625000e+02,
       2.8134448242187500e+02, 5.6117114257812500e+02,
       2.4581236267089844e+02, 5.6351605224609375e+02,
       5.2401385498046875e+02, 5.0717895507812500e+02,
       4.8976477050781250e+02, 5.0963876342773438e+02,
       4.5534982299804688e+02, 5.1315161132812500e+02,
       4.1994869995117188e+02, 5.1550408935546875e+02,
       3.8537301635742188e+02, 5.1891217041015625e+02,
       3.4967437744140625e+02, 5.2152746582031250e+02,
       3.1393954467773438e+02, 5.2438830566406250e+02,
       2.7864840698242188e+02, 5.2731964111328125e+02,
       2.4316836547851562e+02, 5.2986956787109375e+02,
       5.2339196777343750e+02, 4.7305972290039062e+02,
       4.8883508300781250e+02, 4.7558203125000000e+02,
       4.5373519897460938e+02, 4.7878201293945312e+02,
       4.1856127929687500e+02, 4.8138967895507812e+02,
       3.8331408691406250e+02, 4.8425079345703125e+02,
       3.4759286499023438e+02, 4.8720452880859375e+02,
       3.1188510131835938e+02, 4.8956253051757812e+02,
       2.7591390991210938e+02, 4.9296633911132812e+02,
       2.4003898620605469e+02, 4.9547299194335938e+02,
       5.2237438964843750e+02, 4.3862152099609375e+02,
       4.8754364013671875e+02, 4.4130834960937500e+02,
       4.5247247314453125e+02, 4.4369335937500000e+02,
       4.1717559814453125e+02, 4.4701275634765625e+02,
       3.8138290405273438e+02, 4.4956530761718750e+02,
       3.4552453613281250e+02, 4.5245214843750000e+02,
       3.0937371826171875e+02, 4.5517025756835938e+02,
       2.7350427246093750e+02, 4.5770068359375000e+02,
       2.3748655700683594e+02, 4.6105902099609375e+02,
       5.2132434082031250e+02, 4.0360351562500000e+02,
       4.8625723266601562e+02, 4.0620568847656250e+02,
       4.5123083496093750e+02, 4.0913369750976562e+02,
       4.1525735473632812e+02, 4.1172824096679688e+02,
       3.7942532348632812e+02, 4.1468041992187500e+02,
       3.4336840820312500e+02, 4.1728445434570312e+02,
       3.0726864624023438e+02, 4.1970397949218750e+02,
       2.7110015869140625e+02, 4.2314157104492188e+02,
       2.3449002075195312e+02, 4.2557757568359375e+02 ]
