%YAML:1.0
---
K: !!opencv-matrix
   rows: 3
   cols: 3
   dt: d
   data: [ 1.2647827500371377e+03, 0., 9.1170664375606862e+01, 0.,
       1.2582733818609127e+03, 6.6049634113862589e+02, 0., 0., 1. ]
D: !!opencv-matrix
   rows: 1
   cols: 5
   dt: d
   data: [ -2.6882849671515296e-01, 7.7103977771789933e-01,
       8.8534603268516573e-04, -5.4388059629129782e-03,
       -4.5565765587980680e+00 ]
board_width: 9
board_height: 6
square_size: 3.5999998450279236e-02
Pts10: !!opencv-matrix
   rows: 54
   cols: 2
   dt: d
   data: [ 4.1485653686523438e+02, 7.0421264648437500e+02,
       3.8956222534179688e+02, 7.0416864013671875e+02,
       3.6345425415039062e+02, 7.0409771728515625e+02,
       3.3624606323242188e+02, 7.0373864746093750e+02,
       3.0779196166992188e+02, 7.0368298339843750e+02,
       2.7869372558593750e+02, 7.0360083007812500e+02,
       2.4779278564453125e+02, 7.0355523681640625e+02,
       2.1618240356445312e+02, 7.0346142578125000e+02,
       1.8340124511718750e+02, 7.0336810302734375e+02,
       4.1741317749023438e+02, 6.6875347900390625e+02,
       3.9184707641601562e+02, 6.6762615966796875e+02,
       3.6587789916992188e+02, 6.6725793457031250e+02,
       3.3882495117187500e+02, 6.6641381835937500e+02,
       3.1045971679687500e+02, 6.6548577880859375e+02,
       2.8139358520507812e+02, 6.6500213623046875e+02,
       2.5049113464355469e+02, 6.6363934326171875e+02,
       2.1919798278808594e+02, 6.6317669677734375e+02,
       1.8578694152832031e+02, 6.6174090576171875e+02,
       4.1953897094726562e+02, 6.3308367919921875e+02,
       3.9441748046875000e+02, 6.3144842529296875e+02,
       3.6848379516601562e+02, 6.2977404785156250e+02,
       3.4142291259765625e+02, 6.2879833984375000e+02,
       3.1321069335937500e+02, 6.2724755859375000e+02,
       2.8354568481445312e+02, 6.2554364013671875e+02,
       2.5310583496093750e+02, 6.2358587646484375e+02,
       2.2135037231445312e+02, 6.2222088623046875e+02,
       1.8825581359863281e+02, 6.2069702148437500e+02,
       4.2164694213867188e+02, 5.9705670166015625e+02,
       3.9681951904296875e+02, 5.9502789306640625e+02,
       3.7071118164062500e+02, 5.9301898193359375e+02,
       3.4350985717773438e+02, 5.9090472412109375e+02,
       3.1536071777343750e+02, 5.8843908691406250e+02,
       2.8596176147460938e+02, 5.8577612304687500e+02,
       2.5544778442382812e+02, 5.8361749267578125e+02,
       2.2359999084472656e+02, 5.8132727050781250e+02,
       1.9096875000000000e+02, 5.7893536376953125e+02,
       4.2379925537109375e+02, 5.6124786376953125e+02,
       3.9909780883789062e+02, 5.5854248046875000e+02,
       3.7307391357421875e+02, 5.5543310546875000e+02,
       3.4556771850585938e+02, 5.5306951904296875e+02,
       3.1743106079101562e+02, 5.4957147216796875e+02,
       2.8813961791992188e+02, 5.4716699218750000e+02,
       2.5761840820312500e+02, 5.4346704101562500e+02,
       2.2587236022949219e+02, 5.4073370361328125e+02,
       1.9334808349609375e+02, 5.3736358642578125e+02,
       4.2585641479492188e+02, 5.2539544677734375e+02,
       4.0119699096679688e+02, 5.2193536376953125e+02,
       3.7519744873046875e+02, 5.1882855224609375e+02,
       3.4777529907226562e+02, 5.1528857421875000e+02,
       3.1964892578125000e+02, 5.1146405029296875e+02,
       2.9051437377929688e+02, 5.0740966796875000e+02,
       2.5996365356445312e+02, 5.0370333862304688e+02,
       2.2840605163574219e+02, 4.9963052368164062e+02,
       1.9563459777832031e+02, 4.9581024169921875e+02 ]
Pts11: !!opencv-matrix
   rows: 54
   cols: 2
   dt: d
   data: [ 4.7387506103515625e+02, 7.6027606201171875e+02,
       4.3597088623046875e+02, 7.5958410644531250e+02,
       3.9859292602539062e+02, 7.5929290771484375e+02,
       3.6157846069335938e+02, 7.5884350585937500e+02,
       3.2543078613281250e+02, 7.5782696533203125e+02,
       2.9003787231445312e+02, 7.5736260986328125e+02,
       2.5549256896972656e+02, 7.5689257812500000e+02,
       2.2141227722167969e+02, 7.5575085449218750e+02,
       1.8816537475585938e+02, 7.5528186035156250e+02,
       4.7196307373046875e+02, 7.2312530517578125e+02,
       4.3384310913085938e+02, 7.2299707031250000e+02,
       3.9595370483398438e+02, 7.2291259765625000e+02,
       3.5924795532226562e+02, 7.2259051513671875e+02,
       3.2262261962890625e+02, 7.2217431640625000e+02,
       2.8699316406250000e+02, 7.2175158691406250e+02,
       2.5190538024902344e+02, 7.2151031494140625e+02,
       2.1759338378906250e+02, 7.2136535644531250e+02,
       1.8424787902832031e+02, 7.2119110107421875e+02,
       4.6995318603515625e+02, 6.8516223144531250e+02,
       4.3151397705078125e+02, 6.8536596679687500e+02,
       3.9345803833007812e+02, 6.8549053955078125e+02,
       3.5588177490234375e+02, 6.8556970214843750e+02,
       3.1943432617187500e+02, 6.8575683593750000e+02,
       2.8363504028320312e+02, 6.8576092529296875e+02,
       2.4822985839843750e+02, 6.8592034912109375e+02,
       2.1386877441406250e+02, 6.8624597167968750e+02,
       1.8033694458007812e+02, 6.8632409667968750e+02,
       4.6771133422851562e+02, 6.4647314453125000e+02,
       4.2927590942382812e+02, 6.4717541503906250e+02,
       3.9101361083984375e+02, 6.4753582763671875e+02,
       3.5330810546875000e+02, 6.4826092529296875e+02,
       3.1604699707031250e+02, 6.4910064697265625e+02,
       2.8001535034179688e+02, 6.4939569091796875e+02,
       2.4466529846191406e+02, 6.4968994140625000e+02,
       2.1008117675781250e+02, 6.5068792724609375e+02,
       1.7630644226074219e+02, 6.5116772460937500e+02,
       4.6531375122070312e+02, 6.0743432617187500e+02,
       4.2588653564453125e+02, 6.0862786865234375e+02,
       3.8762405395507812e+02, 6.0939703369140625e+02,
       3.4974203491210938e+02, 6.1069152832031250e+02,
       3.1277120971679688e+02, 6.1145050048828125e+02,
       2.7653793334960938e+02, 6.1288421630859375e+02,
       2.4074531555175781e+02, 6.1347930908203125e+02,
       2.0588917541503906e+02, 6.1479663085937500e+02,
       1.7217823791503906e+02, 6.1546691894531250e+02,
       4.6233645629882812e+02, 5.6762243652343750e+02,
       4.2334567260742188e+02, 5.6944207763671875e+02,
       3.8458297729492188e+02, 5.7115325927734375e+02,
       3.4637680053710938e+02, 5.7248327636718750e+02,
       3.0936077880859375e+02, 5.7363177490234375e+02,
       2.7283227539062500e+02, 5.7535308837890625e+02,
       2.3716502380371094e+02, 5.7699896240234375e+02,
       2.0209167480468750e+02, 5.7809155273437500e+02,
       1.6790467834472656e+02, 5.7954553222656250e+02 ]
