%YAML:1.0
---
K1: !!opencv-matrix
   rows: 3
   cols: 3
   dt: d
   data: [ 1.2682913988129928e+03, 0., 2.6966436423231238e+02, 0.,
       1.2634518148081472e+03, 4.5403059547015994e+02, 0., 0., 1. ]
K2: !!opencv-matrix
   rows: 3
   cols: 3
   dt: d
   data: [ 1.2647827500371377e+03, 0., 9.1170664375606862e+01, 0.,
       1.2582733818609127e+03, 6.6049634113862589e+02, 0., 0., 1. ]
D1: !!opencv-matrix
   rows: 1
   cols: 5
   dt: d
   data: [ -2.6437348688125373e-01, -3.8505652573901866e-01,
       -5.1370351897157634e-04, 2.7463725965450221e-04,
       5.4981989939307780e+00 ]
D2: !!opencv-matrix
   rows: 1
   cols: 5
   dt: d
   data: [ -2.6882849671515296e-01, 7.7103977771789933e-01,
       8.8534603268516573e-04, -5.4388059629129782e-03,
       -4.5565765587980680e+00 ]
R: !!opencv-matrix
   rows: 3
   cols: 3
   dt: d
   data: [ 8.7289475013036233e-01, -4.6022085177231976e-02,
       4.8573318073896476e-01, 6.6791713451809925e-02,
       9.9744042079501272e-01, -2.5523988294134780e-02,
       -4.8331524102703771e-01, 5.4722706806292210e-02,
       8.7373440080539855e-01 ]
T: !!opencv-matrix
   rows: 3
   cols: 1
   dt: d
   data: [ -5.0462741843479841e-01, -1.6581838891358044e-02,
       1.1593669922151106e-01 ]
E: !!opencv-matrix
   rows: 3
   cols: 3
   dt: d
   data: [ 2.7064466749637892e-04, -1.1654735316504979e-01,
       -1.1528956114201903e-02, -1.4269358627176654e-01,
       2.2278929618684103e-02, 4.9722463675334494e-01,
       -1.9230729816249736e-02, -5.0409891539015950e-01,
       2.0934453668229658e-02 ]
F: !!opencv-matrix
   rows: 3
   cols: 3
   dt: d
   data: [ -2.4545690140903962e-09, 1.0610566008897863e-06,
       -3.4847764559914698e-04, 1.3008318155309361e-06,
       -2.0387847778504883e-07, -6.0071689596067753e-03,
       -6.3838003071401339e-04, 5.8424640868539584e-03, 1. ]
R1: !!opencv-matrix
   rows: 3
   cols: 3
   dt: d
   data: [ 9.6059848209892718e-01, -2.5150543960839763e-02,
       2.7679957790378024e-01, 3.1121596600635616e-02,
       9.9936761766699878e-01, -1.7199156479736622e-02,
       -2.7619196659979867e-01, 2.5135928410564581e-02,
       9.6077374167317608e-01 ]
R2: !!opencv-matrix
   rows: 3
   cols: 3
   dt: d
   data: [ 9.7410959188617396e-01, 3.2008820220834067e-02,
       -2.2379887940609053e-01, -2.7181304318197885e-02,
       9.9932731292565102e-01, 2.4619064489930478e-02,
       2.2443636000192363e-01, -1.7898521415696974e-02,
       9.7432436243800202e-01 ]
P1: !!opencv-matrix
   rows: 3
   cols: 4
   dt: d
   data: [ 1.2608625983345300e+03, 0., 2.6275889301300049e+02, 0., 0.,
       1.2608625983345300e+03, 4.1086452150344849e+02, 0., 0., 0., 1.,
       0. ]
P2: !!opencv-matrix
   rows: 3
   cols: 4
   dt: d
   data: [ 1.2608625983345300e+03, 0., 2.6275889301300049e+02,
       -6.5317685330101403e+02, 0., 1.2608625983345300e+03,
       4.1086452150344849e+02, 0., 0., 0., 1., 0. ]
Q: !!opencv-matrix
   rows: 4
   cols: 4
   dt: d
   data: [ 1., 0., 0., -2.6275889301300049e+02, 0., 1., 0.,
       -4.1086452150344849e+02, 0., 0., 0., 1.2608625983345300e+03, 0.,
       0., 1.9303540717378520e+00, 0. ]
indeces: [ 10, 11, 15, 23, 26 ]
